/* var data = []; */    
/* var data = [
     [40 ,70, 5] ,
     [70 ,130, 3] ,
     [90 ,40, 15] ,
     [110 , 100, 20] ,
     [140 ,110, 1] ,
     [160 , 100, 0]
]; */
/* var data = [
    [5,9,10] ,
    [2,6,8],
    [8,2,1],
    [4,1,6],
    [14,3,7],
    [7,9,6],
    [2,2,10] ,
    [4,13,5] ,
    [3,4,9] 
]; */
/* var data=[
    [7,2],
    [2,3],
    [3,7],
    [5,4],
    [8,1],
    [9,6],
    [8,7]

]; */
/* var data = [
    [40 ,70] ,
    [70 ,130] ,
    [90 ,40] ,
    [110 , 100] ,
    [140 ,110] ,
    [160 , 100]
]; 
 var _point= [140,90];
*/